{
 "cells": [
  {
   "cell_type": "code",
   "execution_count": 1,
   "id": "2c5eba20-26ce-41df-a3bc-9b7112564590",
   "metadata": {
    "colab": {
     "base_uri": "https://localhost:8080/"
    },
    "id": "2c5eba20-26ce-41df-a3bc-9b7112564590",
    "outputId": "438e2831-50c7-47de-af75-d945863c8d3f"
   },
   "outputs": [
    {
     "name": "stdout",
     "output_type": "stream",
     "text": [
      "\u001b[33mWARNING: You are using pip version 22.0.4; however, version 24.0 is available.\r\n",
      "You should consider upgrading via the '/Library/Frameworks/Python.framework/Versions/3.9/bin/python3 -m pip install --upgrade pip' command.\u001b[0m\u001b[33m\r\n",
      "\u001b[0m"
     ]
    }
   ],
   "source": [
    "import sys\n",
    "import warnings\n",
    "warnings.filterwarnings('ignore')\n",
    "import glob\n",
    "!{sys.executable} -m pip install numpy pandas matplotlib scikit-learn pyarrow seaborn imblearn xgboost| grep -v 'already satisfied'\n",
    "\n",
    "#\n",
    "\n",
    "import pandas as pd\n",
    "import numpy as np\n",
    "import matplotlib.pyplot as plt\n",
    "\n",
    "pd.set_option('display.max_columns', None)\n",
    "pd.set_option('display.max_rows', None)"
   ]
  },
  {
   "cell_type": "code",
   "execution_count": 2,
   "id": "93fd8c11-117b-4fc4-9362-44e7d8d3061a",
   "metadata": {
    "id": "93fd8c11-117b-4fc4-9362-44e7d8d3061a"
   },
   "outputs": [],
   "source": [
    "df = pd.read_csv(\"data/train.csv\")"
   ]
  },
  {
   "cell_type": "code",
   "execution_count": 3,
   "id": "91e430b4-9cf6-406a-984b-fad5c7268d41",
   "metadata": {
    "colab": {
     "base_uri": "https://localhost:8080/",
     "height": 241
    },
    "id": "91e430b4-9cf6-406a-984b-fad5c7268d41",
    "outputId": "3f709b61-9479-446e-a5a1-2769e4a9835b"
   },
   "outputs": [
    {
     "data": {
      "text/html": [
       "<div>\n",
       "<style scoped>\n",
       "    .dataframe tbody tr th:only-of-type {\n",
       "        vertical-align: middle;\n",
       "    }\n",
       "\n",
       "    .dataframe tbody tr th {\n",
       "        vertical-align: top;\n",
       "    }\n",
       "\n",
       "    .dataframe thead th {\n",
       "        text-align: right;\n",
       "    }\n",
       "</style>\n",
       "<table border=\"1\" class=\"dataframe\">\n",
       "  <thead>\n",
       "    <tr style=\"text-align: right;\">\n",
       "      <th></th>\n",
       "      <th>id</th>\n",
       "      <th>N_Days</th>\n",
       "      <th>Drug</th>\n",
       "      <th>Age</th>\n",
       "      <th>Sex</th>\n",
       "      <th>Ascites</th>\n",
       "      <th>Hepatomegaly</th>\n",
       "      <th>Spiders</th>\n",
       "      <th>Edema</th>\n",
       "      <th>Bilirubin</th>\n",
       "      <th>Cholesterol</th>\n",
       "      <th>Albumin</th>\n",
       "      <th>Copper</th>\n",
       "      <th>Alk_Phos</th>\n",
       "      <th>SGOT</th>\n",
       "      <th>Tryglicerides</th>\n",
       "      <th>Platelets</th>\n",
       "      <th>Prothrombin</th>\n",
       "      <th>Stage</th>\n",
       "      <th>Status</th>\n",
       "    </tr>\n",
       "  </thead>\n",
       "  <tbody>\n",
       "    <tr>\n",
       "      <th>0</th>\n",
       "      <td>0</td>\n",
       "      <td>999</td>\n",
       "      <td>D-penicillamine</td>\n",
       "      <td>21532</td>\n",
       "      <td>M</td>\n",
       "      <td>N</td>\n",
       "      <td>N</td>\n",
       "      <td>N</td>\n",
       "      <td>N</td>\n",
       "      <td>2.3</td>\n",
       "      <td>316.0</td>\n",
       "      <td>3.35</td>\n",
       "      <td>172.0</td>\n",
       "      <td>1601.0</td>\n",
       "      <td>179.80</td>\n",
       "      <td>63.0</td>\n",
       "      <td>394.0</td>\n",
       "      <td>9.7</td>\n",
       "      <td>3.0</td>\n",
       "      <td>D</td>\n",
       "    </tr>\n",
       "    <tr>\n",
       "      <th>1</th>\n",
       "      <td>1</td>\n",
       "      <td>2574</td>\n",
       "      <td>Placebo</td>\n",
       "      <td>19237</td>\n",
       "      <td>F</td>\n",
       "      <td>N</td>\n",
       "      <td>N</td>\n",
       "      <td>N</td>\n",
       "      <td>N</td>\n",
       "      <td>0.9</td>\n",
       "      <td>364.0</td>\n",
       "      <td>3.54</td>\n",
       "      <td>63.0</td>\n",
       "      <td>1440.0</td>\n",
       "      <td>134.85</td>\n",
       "      <td>88.0</td>\n",
       "      <td>361.0</td>\n",
       "      <td>11.0</td>\n",
       "      <td>3.0</td>\n",
       "      <td>C</td>\n",
       "    </tr>\n",
       "    <tr>\n",
       "      <th>2</th>\n",
       "      <td>2</td>\n",
       "      <td>3428</td>\n",
       "      <td>Placebo</td>\n",
       "      <td>13727</td>\n",
       "      <td>F</td>\n",
       "      <td>N</td>\n",
       "      <td>Y</td>\n",
       "      <td>Y</td>\n",
       "      <td>Y</td>\n",
       "      <td>3.3</td>\n",
       "      <td>299.0</td>\n",
       "      <td>3.55</td>\n",
       "      <td>131.0</td>\n",
       "      <td>1029.0</td>\n",
       "      <td>119.35</td>\n",
       "      <td>50.0</td>\n",
       "      <td>199.0</td>\n",
       "      <td>11.7</td>\n",
       "      <td>4.0</td>\n",
       "      <td>D</td>\n",
       "    </tr>\n",
       "    <tr>\n",
       "      <th>3</th>\n",
       "      <td>3</td>\n",
       "      <td>2576</td>\n",
       "      <td>Placebo</td>\n",
       "      <td>18460</td>\n",
       "      <td>F</td>\n",
       "      <td>N</td>\n",
       "      <td>N</td>\n",
       "      <td>N</td>\n",
       "      <td>N</td>\n",
       "      <td>0.6</td>\n",
       "      <td>256.0</td>\n",
       "      <td>3.50</td>\n",
       "      <td>58.0</td>\n",
       "      <td>1653.0</td>\n",
       "      <td>71.30</td>\n",
       "      <td>96.0</td>\n",
       "      <td>269.0</td>\n",
       "      <td>10.7</td>\n",
       "      <td>3.0</td>\n",
       "      <td>C</td>\n",
       "    </tr>\n",
       "    <tr>\n",
       "      <th>4</th>\n",
       "      <td>4</td>\n",
       "      <td>788</td>\n",
       "      <td>Placebo</td>\n",
       "      <td>16658</td>\n",
       "      <td>F</td>\n",
       "      <td>N</td>\n",
       "      <td>Y</td>\n",
       "      <td>N</td>\n",
       "      <td>N</td>\n",
       "      <td>1.1</td>\n",
       "      <td>346.0</td>\n",
       "      <td>3.65</td>\n",
       "      <td>63.0</td>\n",
       "      <td>1181.0</td>\n",
       "      <td>125.55</td>\n",
       "      <td>96.0</td>\n",
       "      <td>298.0</td>\n",
       "      <td>10.6</td>\n",
       "      <td>4.0</td>\n",
       "      <td>C</td>\n",
       "    </tr>\n",
       "  </tbody>\n",
       "</table>\n",
       "</div>"
      ],
      "text/plain": [
       "   id  N_Days             Drug    Age Sex Ascites Hepatomegaly Spiders Edema  \\\n",
       "0   0     999  D-penicillamine  21532   M       N            N       N     N   \n",
       "1   1    2574          Placebo  19237   F       N            N       N     N   \n",
       "2   2    3428          Placebo  13727   F       N            Y       Y     Y   \n",
       "3   3    2576          Placebo  18460   F       N            N       N     N   \n",
       "4   4     788          Placebo  16658   F       N            Y       N     N   \n",
       "\n",
       "   Bilirubin  Cholesterol  Albumin  Copper  Alk_Phos    SGOT  Tryglicerides  \\\n",
       "0        2.3        316.0     3.35   172.0    1601.0  179.80           63.0   \n",
       "1        0.9        364.0     3.54    63.0    1440.0  134.85           88.0   \n",
       "2        3.3        299.0     3.55   131.0    1029.0  119.35           50.0   \n",
       "3        0.6        256.0     3.50    58.0    1653.0   71.30           96.0   \n",
       "4        1.1        346.0     3.65    63.0    1181.0  125.55           96.0   \n",
       "\n",
       "   Platelets  Prothrombin  Stage Status  \n",
       "0      394.0          9.7    3.0      D  \n",
       "1      361.0         11.0    3.0      C  \n",
       "2      199.0         11.7    4.0      D  \n",
       "3      269.0         10.7    3.0      C  \n",
       "4      298.0         10.6    4.0      C  "
      ]
     },
     "execution_count": 3,
     "metadata": {},
     "output_type": "execute_result"
    }
   ],
   "source": [
    "df.head()"
   ]
  },
  {
   "cell_type": "code",
   "execution_count": 4,
   "id": "9f1ba9ba-603b-41ae-911a-008417edc473",
   "metadata": {
    "colab": {
     "base_uri": "https://localhost:8080/"
    },
    "id": "9f1ba9ba-603b-41ae-911a-008417edc473",
    "outputId": "6d40656c-35ff-49b6-9380-aea6737f8fba"
   },
   "outputs": [
    {
     "name": "stdout",
     "output_type": "stream",
     "text": [
      "<class 'pandas.core.frame.DataFrame'>\n",
      "RangeIndex: 7905 entries, 0 to 7904\n",
      "Data columns (total 20 columns):\n",
      " #   Column         Non-Null Count  Dtype  \n",
      "---  ------         --------------  -----  \n",
      " 0   id             7905 non-null   int64  \n",
      " 1   N_Days         7905 non-null   int64  \n",
      " 2   Drug           7905 non-null   object \n",
      " 3   Age            7905 non-null   int64  \n",
      " 4   Sex            7905 non-null   object \n",
      " 5   Ascites        7905 non-null   object \n",
      " 6   Hepatomegaly   7905 non-null   object \n",
      " 7   Spiders        7905 non-null   object \n",
      " 8   Edema          7905 non-null   object \n",
      " 9   Bilirubin      7905 non-null   float64\n",
      " 10  Cholesterol    7905 non-null   float64\n",
      " 11  Albumin        7905 non-null   float64\n",
      " 12  Copper         7905 non-null   float64\n",
      " 13  Alk_Phos       7905 non-null   float64\n",
      " 14  SGOT           7905 non-null   float64\n",
      " 15  Tryglicerides  7905 non-null   float64\n",
      " 16  Platelets      7905 non-null   float64\n",
      " 17  Prothrombin    7905 non-null   float64\n",
      " 18  Stage          7905 non-null   float64\n",
      " 19  Status         7905 non-null   object \n",
      "dtypes: float64(10), int64(3), object(7)\n",
      "memory usage: 1.2+ MB\n"
     ]
    }
   ],
   "source": [
    "df.info()"
   ]
  },
  {
   "cell_type": "code",
   "execution_count": 5,
   "id": "7c29d40a-33c9-438f-a199-92d3d579d630",
   "metadata": {
    "id": "7c29d40a-33c9-438f-a199-92d3d579d630"
   },
   "outputs": [],
   "source": [
    "# create train and validation sets that are divided equally"
   ]
  },
  {
   "cell_type": "code",
   "execution_count": 6,
   "id": "ef929518-4ca2-4e3a-b62f-eef8dbcd65a2",
   "metadata": {
    "id": "ef929518-4ca2-4e3a-b62f-eef8dbcd65a2"
   },
   "outputs": [],
   "source": [
    "from sklearn.model_selection import train_test_split\n",
    "\n",
    "train, validation = train_test_split(df, stratify=df[\"Status\"], test_size=0.2)"
   ]
  },
  {
   "cell_type": "code",
   "execution_count": 7,
   "id": "948495e8-e13a-4a96-8821-071d751eaf39",
   "metadata": {
    "id": "948495e8-e13a-4a96-8821-071d751eaf39"
   },
   "outputs": [],
   "source": [
    "numeric_values = [\"N_Days\",\"Age\",\"Bilirubin\",\"Cholesterol\",\"Albumin\",\"Copper\",\"Alk_Phos\",\"SGOT\",\"Tryglicerides\",\"Platelets\",\"Prothrombin\",\"Stage\"]"
   ]
  },
  {
   "cell_type": "code",
   "execution_count": 8,
   "id": "e7dbe90e",
   "metadata": {},
   "outputs": [],
   "source": [
    "categorical_values = [\"Drug\",\"Sex\",\"Ascites\",\"Hepatomegaly\",\"Spiders\",\"Edema\"]\n",
    "categorical_bin_values = [\"Drug\",\"Sex\",\"Ascites\",\"Hepatomegaly\",\"Spiders\"]\n",
    "categorical_oh_values = [\"Edema\"]"
   ]
  },
  {
   "cell_type": "code",
   "execution_count": 9,
   "id": "b8915c19-db61-4bca-857a-bafac0b08786",
   "metadata": {
    "id": "b8915c19-db61-4bca-857a-bafac0b08786"
   },
   "outputs": [],
   "source": [
    "features_to_scale = [\"N_Days\",\"Age\",\"Bilirubin\",\"Cholesterol\",\"Albumin\",\"Copper\",\"Alk_Phos\",\"SGOT\",\"Tryglicerides\",\"Platelets\",\"Prothrombin\",\"Stage\"]"
   ]
  },
  {
   "cell_type": "code",
   "execution_count": 10,
   "id": "75ccbfea",
   "metadata": {},
   "outputs": [],
   "source": [
    "from sklearn.pipeline import Pipeline\n",
    "from sklearn.compose import ColumnTransformer\n",
    "from sklearn.preprocessing import MinMaxScaler\n",
    "from sklearn.preprocessing import FunctionTransformer\n",
    "from sklearn.preprocessing import OneHotEncoder\n",
    "\n",
    "# numeric pipeline\n",
    "num_pipeline = Pipeline([('func_transformer', FunctionTransformer(np.log1p)), \n",
    "                         ('minmax_scaler', MinMaxScaler()), ])\n",
    "\n",
    "\n"
   ]
  },
  {
   "cell_type": "code",
   "execution_count": 11,
   "id": "f042e1dd",
   "metadata": {},
   "outputs": [],
   "source": [
    "from sklearn.base import BaseEstimator, TransformerMixin \n",
    "class BinaryEncoder (BaseEstimator, TransformerMixin):\n",
    "    def __init__ (self, features):\n",
    "        self.features = features\n",
    "    def fit(self, X, y=None): \n",
    "        return self # do nothing\n",
    "    def transform(self, X):\n",
    "        for c in self.features:\n",
    "            values = X[c].unique()\n",
    "            X[c].replace(values,(0,1), inplace=True)\n",
    "        return X\n",
    "        \n",
    "        "
   ]
  },
  {
   "cell_type": "code",
   "execution_count": 12,
   "id": "a3b4cd50",
   "metadata": {},
   "outputs": [],
   "source": [
    "# full pipeline (numeric & categorical)\n",
    "full_pipeline = ColumnTransformer([ (\"num\", num_pipeline, numeric_values), \n",
    "                                   (\"bin_cat\", BinaryEncoder(categorical_bin_values), categorical_bin_values), \n",
    "                                   (\"cat\", OneHotEncoder(sparse_output=False), categorical_oh_values), ]) \n",
    "# train_prepared = full_pipeline.fit_transform(train)"
   ]
  },
  {
   "cell_type": "code",
   "execution_count": 13,
   "id": "dfc8af3e",
   "metadata": {},
   "outputs": [],
   "source": [
    "# transform with pipeline\n",
    "train_prepared = full_pipeline.fit_transform(df)"
   ]
  },
  {
   "cell_type": "code",
   "execution_count": 14,
   "id": "88918893",
   "metadata": {},
   "outputs": [
    {
     "data": {
      "text/html": [
       "<div>\n",
       "<style scoped>\n",
       "    .dataframe tbody tr th:only-of-type {\n",
       "        vertical-align: middle;\n",
       "    }\n",
       "\n",
       "    .dataframe tbody tr th {\n",
       "        vertical-align: top;\n",
       "    }\n",
       "\n",
       "    .dataframe thead th {\n",
       "        text-align: right;\n",
       "    }\n",
       "</style>\n",
       "<table border=\"1\" class=\"dataframe\">\n",
       "  <thead>\n",
       "    <tr style=\"text-align: right;\">\n",
       "      <th></th>\n",
       "      <th>0</th>\n",
       "      <th>1</th>\n",
       "      <th>2</th>\n",
       "      <th>3</th>\n",
       "      <th>4</th>\n",
       "      <th>5</th>\n",
       "      <th>6</th>\n",
       "      <th>7</th>\n",
       "      <th>8</th>\n",
       "      <th>9</th>\n",
       "      <th>10</th>\n",
       "      <th>11</th>\n",
       "      <th>12</th>\n",
       "      <th>13</th>\n",
       "      <th>14</th>\n",
       "      <th>15</th>\n",
       "      <th>16</th>\n",
       "      <th>17</th>\n",
       "      <th>18</th>\n",
       "      <th>19</th>\n",
       "    </tr>\n",
       "  </thead>\n",
       "  <tbody>\n",
       "    <tr>\n",
       "      <th>0</th>\n",
       "      <td>0.669095</td>\n",
       "      <td>0.738826</td>\n",
       "      <td>0.300025</td>\n",
       "      <td>0.358523</td>\n",
       "      <td>0.597161</td>\n",
       "      <td>0.743104</td>\n",
       "      <td>0.441963</td>\n",
       "      <td>0.670052</td>\n",
       "      <td>0.220476</td>\n",
       "      <td>0.837508</td>\n",
       "      <td>0.105411</td>\n",
       "      <td>0.756471</td>\n",
       "      <td>0.0</td>\n",
       "      <td>0.0</td>\n",
       "      <td>0.0</td>\n",
       "      <td>0.0</td>\n",
       "      <td>0.0</td>\n",
       "      <td>1.0</td>\n",
       "      <td>0.0</td>\n",
       "      <td>0.0</td>\n",
       "    </tr>\n",
       "    <tr>\n",
       "      <th>1</th>\n",
       "      <td>0.868732</td>\n",
       "      <td>0.635766</td>\n",
       "      <td>0.122222</td>\n",
       "      <td>0.411010</td>\n",
       "      <td>0.663473</td>\n",
       "      <td>0.534588</td>\n",
       "      <td>0.414574</td>\n",
       "      <td>0.568644</td>\n",
       "      <td>0.335416</td>\n",
       "      <td>0.797707</td>\n",
       "      <td>0.284055</td>\n",
       "      <td>0.756471</td>\n",
       "      <td>1.0</td>\n",
       "      <td>1.0</td>\n",
       "      <td>0.0</td>\n",
       "      <td>0.0</td>\n",
       "      <td>0.0</td>\n",
       "      <td>1.0</td>\n",
       "      <td>0.0</td>\n",
       "      <td>0.0</td>\n",
       "    </tr>\n",
       "    <tr>\n",
       "      <th>2</th>\n",
       "      <td>0.929185</td>\n",
       "      <td>0.327178</td>\n",
       "      <td>0.385274</td>\n",
       "      <td>0.338005</td>\n",
       "      <td>0.666886</td>\n",
       "      <td>0.686385</td>\n",
       "      <td>0.327745</td>\n",
       "      <td>0.525664</td>\n",
       "      <td>0.141331</td>\n",
       "      <td>0.527019</td>\n",
       "      <td>0.372385</td>\n",
       "      <td>1.000000</td>\n",
       "      <td>1.0</td>\n",
       "      <td>1.0</td>\n",
       "      <td>0.0</td>\n",
       "      <td>1.0</td>\n",
       "      <td>1.0</td>\n",
       "      <td>0.0</td>\n",
       "      <td>0.0</td>\n",
       "      <td>1.0</td>\n",
       "    </tr>\n",
       "    <tr>\n",
       "      <th>3</th>\n",
       "      <td>0.868895</td>\n",
       "      <td>0.598065</td>\n",
       "      <td>0.066874</td>\n",
       "      <td>0.280415</td>\n",
       "      <td>0.649746</td>\n",
       "      <td>0.517531</td>\n",
       "      <td>0.450223</td>\n",
       "      <td>0.344878</td>\n",
       "      <td>0.365419</td>\n",
       "      <td>0.663933</td>\n",
       "      <td>0.244610</td>\n",
       "      <td>0.756471</td>\n",
       "      <td>1.0</td>\n",
       "      <td>1.0</td>\n",
       "      <td>0.0</td>\n",
       "      <td>0.0</td>\n",
       "      <td>0.0</td>\n",
       "      <td>1.0</td>\n",
       "      <td>0.0</td>\n",
       "      <td>0.0</td>\n",
       "    </tr>\n",
       "    <tr>\n",
       "      <th>4</th>\n",
       "      <td>0.619075</td>\n",
       "      <td>0.504140</td>\n",
       "      <td>0.154455</td>\n",
       "      <td>0.392184</td>\n",
       "      <td>0.700607</td>\n",
       "      <td>0.534588</td>\n",
       "      <td>0.363340</td>\n",
       "      <td>0.543485</td>\n",
       "      <td>0.365419</td>\n",
       "      <td>0.710477</td>\n",
       "      <td>0.231236</td>\n",
       "      <td>1.000000</td>\n",
       "      <td>1.0</td>\n",
       "      <td>1.0</td>\n",
       "      <td>0.0</td>\n",
       "      <td>1.0</td>\n",
       "      <td>0.0</td>\n",
       "      <td>1.0</td>\n",
       "      <td>0.0</td>\n",
       "      <td>0.0</td>\n",
       "    </tr>\n",
       "  </tbody>\n",
       "</table>\n",
       "</div>"
      ],
      "text/plain": [
       "         0         1         2         3         4         5         6   \\\n",
       "0  0.669095  0.738826  0.300025  0.358523  0.597161  0.743104  0.441963   \n",
       "1  0.868732  0.635766  0.122222  0.411010  0.663473  0.534588  0.414574   \n",
       "2  0.929185  0.327178  0.385274  0.338005  0.666886  0.686385  0.327745   \n",
       "3  0.868895  0.598065  0.066874  0.280415  0.649746  0.517531  0.450223   \n",
       "4  0.619075  0.504140  0.154455  0.392184  0.700607  0.534588  0.363340   \n",
       "\n",
       "         7         8         9         10        11   12   13   14   15   16  \\\n",
       "0  0.670052  0.220476  0.837508  0.105411  0.756471  0.0  0.0  0.0  0.0  0.0   \n",
       "1  0.568644  0.335416  0.797707  0.284055  0.756471  1.0  1.0  0.0  0.0  0.0   \n",
       "2  0.525664  0.141331  0.527019  0.372385  1.000000  1.0  1.0  0.0  1.0  1.0   \n",
       "3  0.344878  0.365419  0.663933  0.244610  0.756471  1.0  1.0  0.0  0.0  0.0   \n",
       "4  0.543485  0.365419  0.710477  0.231236  1.000000  1.0  1.0  0.0  1.0  0.0   \n",
       "\n",
       "    17   18   19  \n",
       "0  1.0  0.0  0.0  \n",
       "1  1.0  0.0  0.0  \n",
       "2  0.0  0.0  1.0  \n",
       "3  1.0  0.0  0.0  \n",
       "4  1.0  0.0  0.0  "
      ]
     },
     "execution_count": 14,
     "metadata": {},
     "output_type": "execute_result"
    }
   ],
   "source": [
    "pd.DataFrame(train_prepared).head()"
   ]
  },
  {
   "cell_type": "code",
   "execution_count": 15,
   "id": "f001a8eb",
   "metadata": {},
   "outputs": [],
   "source": [
    "from imblearn.over_sampling import SMOTE\n",
    "\n",
    "# Initialize SMOTE\n",
    "smote = SMOTE(random_state=42)\n",
    "\n",
    "# Apply SMOTE to the training data\n",
    "X_train_smote, y_train_smote = smote.fit_resample(train_prepared, df[\"Status\"])\n"
   ]
  },
  {
   "cell_type": "code",
   "execution_count": 16,
   "id": "d84c5ac1",
   "metadata": {},
   "outputs": [],
   "source": [
    "# Train Model\n",
    "from xgboost import XGBClassifier\n",
    "    # Label Encoding\n",
    "from sklearn.preprocessing import LabelEncoder\n",
    "label_encoder = LabelEncoder()\n",
    "labels_en = label_encoder.fit_transform(y_train_smote)\n",
    "model_xgb = XGBClassifier(random_state=42).fit(X_train_smote, labels_en)\n"
   ]
  },
  {
   "cell_type": "code",
   "execution_count": 17,
   "id": "90a70863",
   "metadata": {},
   "outputs": [
    {
     "name": "stdout",
     "output_type": "stream",
     "text": [
      "[0.37211166 0.32963774 0.29532586 0.25750316 0.24250234]\n",
      "0.29941615116618003\n"
     ]
    }
   ],
   "source": [
    "# Cross Validation\n",
    "from sklearn.model_selection import KFold, cross_val_score\n",
    "xgb_scores = cross_val_score(model_xgb, X_train_smote, labels_en, scoring=\"neg_log_loss\", cv=5)\n",
    "print(-xgb_scores)\n",
    "print(-xgb_scores.mean())"
   ]
  },
  {
   "cell_type": "code",
   "execution_count": 18,
   "id": "99b71e4e",
   "metadata": {},
   "outputs": [],
   "source": [
    "# Hyperparameter tuning\n",
    "from sklearn.model_selection import GridSearchCV\n",
    "\n",
    "# Declare a parameter grid for GridSearch\n",
    "param_grid = {\n",
    "    'n_estimators': [100, 150, 200],\n",
    "    'max_depth': [3,5,7],\n",
    "    'subsample': [0.6, 0.8]\n",
    "}\n",
    "\n",
    "# GridSearchCV on RF+SMOTE classifier model (with SMOTE)\n",
    "grid_search = GridSearchCV(XGBClassifier(random_state=42), param_grid, cv=5, scoring='precision', return_train_score=True)\n",
    "grid_search.fit(X_train_smote, labels_en)\n",
    "\n",
    "# Save best model from grid search\n",
    "best_xgb = grid_search.best_estimator_\n",
    "\n"
   ]
  },
  {
   "cell_type": "code",
   "execution_count": 46,
   "id": "419df0ff",
   "metadata": {},
   "outputs": [],
   "source": [
    "# # prepare validation data\n",
    "# val_prepared = full_pipeline.fit_transform(validation)\n",
    "# #     prepare labels\n",
    "# val_labels_en = label_encoder.fit_transform(validation[\"Status\"])"
   ]
  },
  {
   "cell_type": "code",
   "execution_count": 19,
   "id": "463c6473",
   "metadata": {},
   "outputs": [
    {
     "name": "stdout",
     "output_type": "stream",
     "text": [
      "[0.47366503 0.41797677 0.41251533 0.42019664 0.41807026]\n",
      "0.42848480505492564\n"
     ]
    }
   ],
   "source": [
    "xgb_scores_final = cross_val_score(best_xgb, X_train_smote, labels_en, scoring=\"neg_log_loss\", cv=5)\n",
    "print(-xgb_scores_final)\n",
    "print(-xgb_scores_final.mean())"
   ]
  },
  {
   "cell_type": "code",
   "execution_count": 40,
   "id": "5dd53fb0",
   "metadata": {},
   "outputs": [],
   "source": [
    "test = pd.read_csv(\"data/test.csv\")\n",
    "test_prepared = full_pipeline.fit_transform(test)"
   ]
  },
  {
   "cell_type": "code",
   "execution_count": 41,
   "id": "0a721891",
   "metadata": {},
   "outputs": [],
   "source": [
    "# Predict on the validation set with the best model\n",
    "y_pred_best_xgb = best_xgb.predict(test_prepared)"
   ]
  },
  {
   "cell_type": "code",
   "execution_count": 47,
   "id": "fc99d613",
   "metadata": {},
   "outputs": [],
   "source": [
    "y_pred_de = label_encoder.inverse_transform(y_pred_best_xgb)\n",
    "df_final = pd.DataFrame(y_pred_de, columns=['Status'])\n",
    "df_final[\"id_new\"] = test[\"id\"].values # method to copy values from another dataframe found from a post by BENY at https://stackoverflow.com/questions/45747589/copying-a-column-from-one-dataframe-to-another-gives-nan-values [last accessed:14/3/24]\n",
    "df_final.set_index('id_new', inplace=True)\n",
    "df_final.index.name = \"id\"\n",
    "df_final.head()\n",
    "filename = \"xgb_output.csv\"\n",
    "df_final.to_csv(filename)"
   ]
  },
  {
   "cell_type": "code",
   "execution_count": 53,
   "id": "edf44763",
   "metadata": {},
   "outputs": [
    {
     "name": "stdout",
     "output_type": "stream",
     "text": [
      "<class 'pandas.core.frame.DataFrame'>\n",
      "Int64Index: 5271 entries, 7905 to 13175\n",
      "Data columns (total 1 columns):\n",
      " #   Column  Non-Null Count  Dtype \n",
      "---  ------  --------------  ----- \n",
      " 0   Status  5271 non-null   object\n",
      "dtypes: object(1)\n",
      "memory usage: 82.4+ KB\n"
     ]
    }
   ],
   "source": [
    "df_final.info()"
   ]
  },
  {
   "cell_type": "code",
   "execution_count": 66,
   "id": "8af76a1a",
   "metadata": {},
   "outputs": [],
   "source": [
    "########## Taken from id5059_p2_240404_2.ipynb\n",
    "# Choose a model and predict class probabilities using the processed test data\n",
    "def test_predict_proba(model, X_test_processed):\n",
    "    predicted_probabilities = model.predict_proba(X_test_processed)\n",
    "\n",
    "    # Create the submission DataFrame\n",
    "    submission_df = pd.DataFrame({\n",
    "        'id': test[\"id\"],\n",
    "        'Status_C': predicted_probabilities[:, 0],\n",
    "        'Status_CL': predicted_probabilities[:, 1],\n",
    "        'Status_D': predicted_probabilities[:, 2]\n",
    "    })\n",
    "    \n",
    "    return submission_df, predicted_probabilities\n",
    "\n",
    "def save_test_predictions(submission_df):\n",
    "\n",
    "    # Format file name with the path\n",
    "    submission_file_name = \"xgb_pred.csv\"\n",
    "\n",
    "    # Save submission DataFrame to the formatted file name\n",
    "    submission_df.to_csv(submission_file_path, index=False)\n",
    "    return\n",
    "    # Print the path (for reference)\n",
    "#     return print(f\"Predicted class probabilities for: {model_name_and_version}\",'\\n',f\"File saved to: {submission_file_path}\")"
   ]
  },
  {
   "cell_type": "code",
   "execution_count": 69,
   "id": "bcba22a0",
   "metadata": {},
   "outputs": [
    {
     "data": {
      "text/plain": [
       "(         id  Status_C  Status_CL  Status_D\n",
       " 0      7905  0.225014   0.032450  0.742536\n",
       " 1      7906  0.233511   0.475618  0.290871\n",
       " 2      7907  0.022767   0.009941  0.967292\n",
       " 3      7908  0.808454   0.006773  0.184773\n",
       " 4      7909  0.274718   0.560426  0.164855\n",
       " 5      7910  0.878916   0.028788  0.092295\n",
       " 6      7911  0.872980   0.038812  0.088208\n",
       " 7      7912  0.140089   0.086322  0.773590\n",
       " 8      7913  0.035689   0.000584  0.963727\n",
       " 9      7914  0.811975   0.006823  0.181202\n",
       " 10     7915  0.622382   0.036886  0.340733\n",
       " 11     7916  0.377804   0.005837  0.616359\n",
       " 12     7917  0.213731   0.523565  0.262704\n",
       " 13     7918  0.616597   0.020107  0.363296\n",
       " 14     7919  0.588863   0.172982  0.238155\n",
       " 15     7920  0.732979   0.007248  0.259774\n",
       " 16     7921  0.281092   0.195012  0.523896\n",
       " 17     7922  0.012210   0.003650  0.984140\n",
       " 18     7923  0.699786   0.003206  0.297008\n",
       " 19     7924  0.107771   0.778283  0.113947\n",
       " 20     7925  0.002502   0.000338  0.997159\n",
       " 21     7926  0.850765   0.001165  0.148070\n",
       " 22     7927  0.357941   0.370005  0.272053\n",
       " 23     7928  0.022390   0.006591  0.971019\n",
       " 24     7929  0.752842   0.100209  0.146949\n",
       " 25     7930  0.044887   0.348964  0.606148\n",
       " 26     7931  0.688335   0.006879  0.304786\n",
       " 27     7932  0.078121   0.052005  0.869875\n",
       " 28     7933  0.193047   0.049868  0.757085\n",
       " 29     7934  0.903135   0.004093  0.092771\n",
       " 30     7935  0.616557   0.027983  0.355461\n",
       " 31     7936  0.556790   0.240156  0.203054\n",
       " 32     7937  0.165274   0.014993  0.819733\n",
       " 33     7938  0.908793   0.013270  0.077937\n",
       " 34     7939  0.092304   0.094317  0.813379\n",
       " 35     7940  0.220299   0.404756  0.374945\n",
       " 36     7941  0.019747   0.209763  0.770489\n",
       " 37     7942  0.488104   0.027598  0.484298\n",
       " 38     7943  0.041072   0.014203  0.944725\n",
       " 39     7944  0.912208   0.000455  0.087337\n",
       " 40     7945  0.814857   0.003273  0.181870\n",
       " 41     7946  0.739487   0.028882  0.231632\n",
       " 42     7947  0.408518   0.005022  0.586460\n",
       " 43     7948  0.034763   0.003103  0.962133\n",
       " 44     7949  0.017449   0.162463  0.820089\n",
       " 45     7950  0.648544   0.153580  0.197876\n",
       " 46     7951  0.060572   0.630126  0.309302\n",
       " 47     7952  0.146905   0.231977  0.621119\n",
       " 48     7953  0.002718   0.000197  0.997085\n",
       " 49     7954  0.864838   0.012223  0.122939\n",
       " 50     7955  0.167556   0.005239  0.827205\n",
       " 51     7956  0.002119   0.006517  0.991364\n",
       " 52     7957  0.241668   0.195850  0.562482\n",
       " 53     7958  0.012089   0.005257  0.982653\n",
       " 54     7959  0.094242   0.066640  0.839118\n",
       " 55     7960  0.059462   0.031659  0.908879\n",
       " 56     7961  0.441049   0.060368  0.498583\n",
       " 57     7962  0.143970   0.000818  0.855213\n",
       " 58     7963  0.028303   0.088945  0.882752\n",
       " 59     7964  0.010841   0.010462  0.978697\n",
       " 60     7965  0.800972   0.065357  0.133671\n",
       " 61     7966  0.600732   0.055423  0.343845\n",
       " 62     7967  0.542543   0.107815  0.349642\n",
       " 63     7968  0.480577   0.001693  0.517730\n",
       " 64     7969  0.133877   0.099387  0.766736\n",
       " 65     7970  0.695541   0.001597  0.302863\n",
       " 66     7971  0.832946   0.002861  0.164193\n",
       " 67     7972  0.130471   0.756002  0.113528\n",
       " 68     7973  0.426686   0.062375  0.510939\n",
       " 69     7974  0.031429   0.056473  0.912098\n",
       " 70     7975  0.713879   0.074602  0.211519\n",
       " 71     7976  0.803619   0.003591  0.192790\n",
       " 72     7977  0.960670   0.007170  0.032160\n",
       " 73     7978  0.038734   0.018298  0.942968\n",
       " 74     7979  0.277173   0.070746  0.652081\n",
       " 75     7980  0.969426   0.001852  0.028722\n",
       " 76     7981  0.780270   0.045435  0.174295\n",
       " 77     7982  0.641593   0.053815  0.304592\n",
       " 78     7983  0.724345   0.080488  0.195167\n",
       " 79     7984  0.006712   0.069320  0.923967\n",
       " 80     7985  0.106404   0.003279  0.890317\n",
       " 81     7986  0.105668   0.236422  0.657910\n",
       " 82     7987  0.148024   0.016361  0.835615\n",
       " 83     7988  0.406543   0.047026  0.546431\n",
       " 84     7989  0.769660   0.141793  0.088548\n",
       " 85     7990  0.235584   0.010763  0.753653\n",
       " 86     7991  0.026952   0.013394  0.959654\n",
       " 87     7992  0.872653   0.045256  0.082091\n",
       " 88     7993  0.424863   0.015472  0.559665\n",
       " 89     7994  0.691106   0.054411  0.254482\n",
       " 90     7995  0.328420   0.022989  0.648591\n",
       " 91     7996  0.012601   0.124614  0.862785\n",
       " 92     7997  0.545300   0.065609  0.389091\n",
       " 93     7998  0.003192   0.000892  0.995917\n",
       " 94     7999  0.002180   0.000103  0.997717\n",
       " 95     8000  0.671931   0.137194  0.190875\n",
       " 96     8001  0.675828   0.047574  0.276599\n",
       " 97     8002  0.464778   0.310124  0.225098\n",
       " 98     8003  0.255352   0.416777  0.327871\n",
       " 99     8004  0.147024   0.019947  0.833029\n",
       " 100    8005  0.734181   0.002778  0.263041\n",
       " 101    8006  0.135612   0.735399  0.128989\n",
       " 102    8007  0.661514   0.068550  0.269936\n",
       " 103    8008  0.846806   0.057784  0.095409\n",
       " 104    8009  0.780135   0.021730  0.198135\n",
       " 105    8010  0.607670   0.237872  0.154458\n",
       " 106    8011  0.545791   0.045024  0.409185\n",
       " 107    8012  0.556481   0.031831  0.411688\n",
       " 108    8013  0.049526   0.034120  0.916354\n",
       " 109    8014  0.899446   0.064421  0.036133\n",
       " 110    8015  0.627569   0.008925  0.363506\n",
       " 111    8016  0.903733   0.014062  0.082205\n",
       " 112    8017  0.386674   0.004637  0.608688\n",
       " 113    8018  0.270535   0.025822  0.703643\n",
       " 114    8019  0.798412   0.077323  0.124265\n",
       " 115    8020  0.496916   0.098008  0.405076\n",
       " 116    8021  0.086611   0.001303  0.912086\n",
       " 117    8022  0.042234   0.084595  0.873171\n",
       " 118    8023  0.051663   0.744137  0.204200\n",
       " 119    8024  0.895753   0.002714  0.101533\n",
       " 120    8025  0.071442   0.004741  0.923817\n",
       " 121    8026  0.829427   0.006807  0.163767\n",
       " 122    8027  0.895051   0.037096  0.067853\n",
       " 123    8028  0.028359   0.038180  0.933460\n",
       " 124    8029  0.014470   0.003083  0.982448\n",
       " 125    8030  0.990462   0.001454  0.008084\n",
       " 126    8031  0.361372   0.411874  0.226754\n",
       " 127    8032  0.469636   0.014329  0.516035\n",
       " 128    8033  0.011921   0.039773  0.948306\n",
       " 129    8034  0.367161   0.046816  0.586023\n",
       " 130    8035  0.789395   0.009445  0.201160\n",
       " 131    8036  0.187663   0.787591  0.024746\n",
       " 132    8037  0.369205   0.019878  0.610917\n",
       " 133    8038  0.193405   0.045009  0.761586\n",
       " 134    8039  0.010696   0.010015  0.979289\n",
       " 135    8040  0.294079   0.081613  0.624308\n",
       " 136    8041  0.112192   0.010646  0.877162\n",
       " 137    8042  0.014943   0.024515  0.960543\n",
       " 138    8043  0.518503   0.022036  0.459461\n",
       " 139    8044  0.009875   0.001765  0.988360\n",
       " 140    8045  0.122029   0.176210  0.701761\n",
       " 141    8046  0.893982   0.000195  0.105823\n",
       " 142    8047  0.684776   0.061483  0.253741\n",
       " 143    8048  0.712049   0.043354  0.244597\n",
       " 144    8049  0.295818   0.531449  0.172733\n",
       " 145    8050  0.131944   0.002742  0.865314\n",
       " 146    8051  0.034643   0.015233  0.950125\n",
       " 147    8052  0.860438   0.085877  0.053685\n",
       " 148    8053  0.042362   0.027875  0.929763\n",
       " 149    8054  0.574837   0.008084  0.417079\n",
       " 150    8055  0.103805   0.069979  0.826216\n",
       " 151    8056  0.739564   0.201020  0.059416\n",
       " 152    8057  0.461501   0.005200  0.533299\n",
       " 153    8058  0.773781   0.104781  0.121439\n",
       " 154    8059  0.262493   0.139560  0.597947\n",
       " 155    8060  0.013834   0.313424  0.672742\n",
       " 156    8061  0.042504   0.037148  0.920348\n",
       " 157    8062  0.060974   0.004663  0.934364\n",
       " 158    8063  0.601108   0.242598  0.156294\n",
       " 159    8064  0.004790   0.061590  0.933621\n",
       " 160    8065  0.548078   0.020372  0.431550\n",
       " 161    8066  0.953752   0.015723  0.030526\n",
       " 162    8067  0.030806   0.007744  0.961449\n",
       " 163    8068  0.409862   0.067535  0.522603\n",
       " 164    8069  0.673536   0.023276  0.303189\n",
       " 165    8070  0.942261   0.010970  0.046768\n",
       " 166    8071  0.668463   0.029060  0.302478\n",
       " 167    8072  0.470426   0.011788  0.517787\n",
       " 168    8073  0.745736   0.017369  0.236895\n",
       " 169    8074  0.679139   0.033985  0.286875\n",
       " 170    8075  0.706871   0.042912  0.250216\n",
       " 171    8076  0.837592   0.019800  0.142608\n",
       " 172    8077  0.035055   0.459072  0.505873\n",
       " 173    8078  0.050590   0.130697  0.818713\n",
       " 174    8079  0.869881   0.006553  0.123566\n",
       " 175    8080  0.506982   0.179032  0.313987\n",
       " 176    8081  0.809052   0.030432  0.160516\n",
       " 177    8082  0.602809   0.034122  0.363069\n",
       " 178    8083  0.069171   0.015907  0.914922\n",
       " 179    8084  0.018290   0.017519  0.964190\n",
       " 180    8085  0.753117   0.070541  0.176342\n",
       " 181    8086  0.008011   0.000594  0.991395\n",
       " 182    8087  0.261077   0.134605  0.604318\n",
       " 183    8088  0.261429   0.012404  0.726167\n",
       " 184    8089  0.168294   0.045815  0.785891\n",
       " 185    8090  0.032151   0.016177  0.951672\n",
       " 186    8091  0.658821   0.030068  0.311110\n",
       " 187    8092  0.002635   0.000773  0.996593\n",
       " 188    8093  0.548472   0.271595  0.179934\n",
       " 189    8094  0.038985   0.101275  0.859741\n",
       " 190    8095  0.180348   0.676982  0.142670\n",
       " 191    8096  0.279336   0.007684  0.712979\n",
       " 192    8097  0.160299   0.075871  0.763830\n",
       " 193    8098  0.274478   0.375647  0.349875\n",
       " 194    8099  0.340702   0.003146  0.656153\n",
       " 195    8100  0.056675   0.005232  0.938094\n",
       " 196    8101  0.090246   0.118658  0.791096\n",
       " 197    8102  0.889326   0.012339  0.098335\n",
       " 198    8103  0.051838   0.613062  0.335100\n",
       " 199    8104  0.372076   0.345856  0.282068\n",
       " 200    8105  0.018230   0.000545  0.981225\n",
       " 201    8106  0.595256   0.048984  0.355759\n",
       " 202    8107  0.002318   0.003563  0.994120\n",
       " 203    8108  0.798729   0.089146  0.112124\n",
       " 204    8109  0.356886   0.003439  0.639675\n",
       " 205    8110  0.953352   0.023394  0.023254\n",
       " 206    8111  0.250639   0.612055  0.137306\n",
       " 207    8112  0.397024   0.029257  0.573719\n",
       " 208    8113  0.004756   0.066677  0.928567\n",
       " 209    8114  0.033982   0.029904  0.936114\n",
       " 210    8115  0.740509   0.028282  0.231209\n",
       " 211    8116  0.708891   0.096326  0.194783\n",
       " 212    8117  0.088482   0.022727  0.888792\n",
       " 213    8118  0.445336   0.103274  0.451390\n",
       " 214    8119  0.341262   0.135165  0.523573\n",
       " 215    8120  0.644438   0.250452  0.105109\n",
       " 216    8121  0.103191   0.062385  0.834424\n",
       " 217    8122  0.959407   0.002242  0.038351\n",
       " 218    8123  0.861764   0.036209  0.102027\n",
       " 219    8124  0.189162   0.212502  0.598337\n",
       " 220    8125  0.772520   0.052877  0.174603\n",
       " 221    8126  0.712085   0.052966  0.234949\n",
       " 222    8127  0.112426   0.073812  0.813762\n",
       " 223    8128  0.247135   0.413762  0.339104\n",
       " 224    8129  0.203297   0.767425  0.029279\n",
